    -1
 10006
Report(1)                                                                       
         0         0         0         0         0         0         0         0
         0
        56         0
      3264         5      3265         5      3266         5      3267         5
      3268         5      3269         5      3270         5      3303         4
      3304         4      3305         4      3306         4      3307         4
      3308         4      3309         4      3334         5      3335         5
      3336         5      3337         5      3338         5      3339         5
      3340         5      3369         5      3370         5      3371         5
      3372         5      3373         5      3374         5      3375         5
      3404         6      3418         6      3419         6      3420         6
      3421         6      3422         6      3423         6      3449         3
      3450         3      3451         3      3452         3      3453         3
      3454         3      3455         3      3474         6      3488         6
      3489         6      3490         6      3491         6      3492         6
      3493         6      3509         6      3523         6      3524         6
      3525         6      3526         6      3527         6      3528         6
    -1
    -1
OUTPUT CSV GroupReport.trr
PRINT GRLIFT "Report(1)" CSYS0001
LIFT_AXIS +Y
DRAG_AXIS +X
CSYS 0001 ORIGIN   0.0000000E+00  0.0000000E+00  0.0000000E+00
CSYS 0001 X_AXIS   1.0000000E+00  0.0000000E+00  0.0000000E+00
CSYS 0001 Y_AXIS   0.0000000E+00  1.0000000E+00  0.0000000E+00
    -1
