    -1
 10006
Report(1)                                                                       
         0         0         0         0         0         0         0         0
         0
        60         0
      6577         5      6578         5      6579         5      6580         5
      6581         5      6582         5      6583         5      6584         5
      6585         5      6586         5      6587         5      6588         5
      6589         5      6590         5      6591         5      6592         5
      6593         5      6594         5      6595         5      6596         5
      6597         5      6598         5      6599         5      6600         5
      6601         5      6602         5      6603         5      6604         5
      6605         5      6606         5      6847         5      6848         5
      6849         5      6850         5      6851         5      6852         5
      6853         5      6854         5      6855         5      6856         5
      6857         5      6858         5      6859         5      6860         5
      6861         5      6862         5      6863         5      6864         5
      6865         5      6866         5      6867         5      6868         5
      6869         5      6870         5      6871         5      6872         5
      6873         5      6874         5      6875         5      6876         5
    -1
    -1
OUTPUT CSV GroupReport.trr
PRINT GRLIFT "Report(1)" CSYS0001
LIFT_AXIS +Y
DRAG_AXIS +X
CSYS 0001 ORIGIN   0.0000000E+00  0.0000000E+00  0.0000000E+00
CSYS 0001 X_AXIS   1.0000000E+00  0.0000000E+00  0.0000000E+00
CSYS 0001 Y_AXIS   0.0000000E+00  1.0000000E+00  0.0000000E+00
    -1
